<svg xmlns="http://www.w3.org/2000/svg"
     width="361.199mm" height="361.199mm"
     viewBox="0 0 1024 1024">
  <path id="Sélection"
        fill="none" stroke="black" stroke-width="10"
        d="M 473.00,196.00
           C 473.00,196.00 513.00,190.04 513.00,190.04
             513.00,190.04 536.00,193.37 536.00,193.37
             536.00,193.37 552.00,197.00 552.00,197.00
             552.00,197.00 574.00,207.43 574.00,207.43
             574.00,207.43 585.00,211.00 585.00,211.00
             585.00,211.00 601.00,219.15 601.00,219.15
             601.00,219.15 630.00,231.85 630.00,231.85
             630.00,231.85 647.00,238.00 647.00,238.00
             650.44,241.29 665.29,248.03 670.00,248.00
             673.65,251.49 687.97,258.11 693.00,258.00
             695.78,260.66 696.16,260.81 700.00,261.00
             704.15,264.97 718.98,270.57 725.00,273.15
             740.20,279.68 766.83,290.61 780.00,298.81
             790.44,305.32 799.00,314.52 805.39,325.00
             805.39,325.00 814.00,341.00 814.00,341.00
             814.00,341.00 818.08,369.00 818.08,369.00
             818.08,369.00 818.08,398.00 818.08,398.00
             818.08,398.00 818.08,573.00 818.08,573.00
             818.08,573.00 818.08,633.00 818.08,633.00
             818.08,633.00 818.08,661.00 818.08,661.00
             817.33,671.67 814.81,682.07 810.79,692.00
             808.88,696.74 804.59,702.61 804.00,707.00
             804.00,707.00 786.00,726.00 786.00,726.00
             786.00,726.00 771.00,734.14 771.00,734.14
             771.00,734.14 745.00,746.75 745.00,746.75
             745.00,746.75 665.00,784.75 665.00,784.75
             665.00,784.75 632.00,800.25 632.00,800.25
             632.00,800.25 618.00,808.00 618.00,808.00
             618.00,808.00 601.00,814.69 601.00,814.69
             601.00,814.69 574.00,827.14 574.00,827.14
             574.00,827.14 559.00,835.00 559.00,835.00
             551.68,835.15 545.10,838.93 538.00,840.29
             532.80,841.28 525.22,840.89 521.00,844.00
             513.05,842.07 512.32,843.86 506.00,843.11
             491.81,841.43 479.49,839.29 466.00,834.32
             466.00,834.32 436.00,820.78 436.00,820.78
             432.16,818.97 424.94,815.11 421.00,815.00
             417.92,811.95 408.32,807.13 404.00,807.00
             400.28,803.32 397.59,802.96 393.00,800.74
             393.00,800.74 369.00,789.25 369.00,789.25
             364.28,786.89 358.30,783.06 353.00,783.00
             353.00,783.00 338.00,774.74 338.00,774.74
             338.00,774.74 328.00,771.00 328.00,771.00
             324.86,768.00 313.29,762.12 309.00,762.00
             305.68,758.69 290.55,751.13 286.00,751.00
             282.94,747.97 269.22,741.12 265.00,741.00
             261.71,737.71 253.68,733.14 249.00,733.00
             249.00,733.00 244.00,730.00 244.00,730.00
             244.00,730.00 229.17,716.72 229.17,716.72
             229.17,716.72 217.00,703.00 217.00,703.00
             217.00,703.00 209.35,684.00 209.35,684.00
             205.58,672.68 204.02,659.93 203.84,648.00
             203.84,648.00 203.84,544.00 203.84,544.00
             203.84,544.00 203.84,534.00 203.84,534.00
             203.84,534.00 203.84,524.00 203.84,524.00
             203.84,524.00 203.84,399.00 203.84,399.00
             203.84,399.00 203.84,377.91 203.84,377.91
             203.84,377.91 204.83,369.00 204.83,369.00
             204.83,369.00 204.83,363.00 204.83,363.00
             205.60,356.48 208.27,349.47 208.00,343.00
             208.00,343.00 221.43,318.00 221.43,318.00
             221.43,318.00 244.00,295.00 244.00,295.00
             247.84,294.63 263.16,286.53 268.00,284.42
             268.00,284.42 313.00,265.01 313.00,265.01
             319.22,262.44 331.46,258.34 336.00,254.00
             340.58,254.05 344.86,251.63 349.00,249.85
             349.00,249.85 369.00,241.28 369.00,241.28
             369.00,241.28 428.00,216.00 428.00,216.00
             434.71,213.15 453.43,206.04 458.00,202.00
             462.98,201.80 469.38,199.45 473.00,196.00 Z
           M 525.00,249.00
           C 521.30,244.49 513.89,245.06 508.58,245.19
             498.32,245.45 474.51,256.75 464.00,261.28
             459.19,263.36 449.81,265.81 447.00,270.00
             447.00,270.00 445.00,271.00 445.00,271.00
             440.79,270.59 437.59,271.53 435.00,275.00
             435.00,275.00 433.00,276.00 433.00,276.00
             426.83,275.40 417.87,280.57 412.00,282.99
             412.00,282.99 367.00,301.60 367.00,301.60
             361.82,303.72 349.04,307.92 346.00,312.00
             339.73,311.69 324.98,318.90 319.00,322.00
             323.21,325.64 332.45,330.01 338.00,330.00
             340.64,333.93 347.38,336.45 352.00,336.00
             354.66,340.14 360.22,342.07 365.00,342.00
             367.77,346.13 380.02,351.07 385.00,351.00
             387.49,354.84 391.57,356.06 396.00,356.00
             398.50,359.35 404.16,361.43 408.00,363.14
             408.00,363.14 433.00,374.31 433.00,374.31
             433.00,374.31 470.00,391.30 470.00,391.30
             486.12,398.57 491.79,402.75 510.00,402.99
             522.13,403.15 530.14,399.59 541.00,394.70
             546.46,392.23 560.07,387.56 563.00,383.00
             568.28,383.51 571.22,381.06 576.00,379.00
             576.00,379.00 575.00,376.00 575.00,376.00
             575.00,376.00 579.18,377.12 579.18,377.12
             579.18,377.12 596.73,369.61 596.73,369.61
             596.73,369.61 599.00,367.00 599.00,367.00
             603.03,367.06 605.67,366.46 608.00,363.00
             613.78,363.28 623.39,357.80 629.00,355.23
             632.35,353.70 634.89,353.14 637.00,350.00
             643.21,350.09 649.37,346.03 655.00,343.58
             655.00,343.58 682.00,331.42 682.00,331.42
             687.66,328.97 694.18,326.83 699.00,323.00
             699.00,323.00 687.00,319.00 687.00,319.00
             684.46,315.60 679.85,314.18 676.00,312.60
             676.00,312.60 655.00,303.70 655.00,303.70
             655.00,303.70 584.00,272.72 584.00,272.72
             584.00,272.72 565.00,264.57 565.00,264.57
             560.30,262.57 558.31,260.74 553.00,261.00
             550.87,257.86 549.68,257.83 546.00,258.00
             543.08,253.65 530.23,248.92 525.00,249.00 Z
           M 413.00,465.00
           C 416.32,461.40 409.23,449.69 406.94,446.00
             403.48,440.45 402.63,440.11 398.28,435.72
             385.81,423.09 375.88,417.67 358.00,416.32
             355.17,416.11 352.80,416.63 350.00,416.95
             321.67,420.15 306.36,446.56 306.01,473.00
             305.84,486.20 310.34,499.12 317.75,510.00
             320.76,514.43 323.52,518.96 329.00,520.00
             332.27,526.30 341.37,530.56 348.00,532.56
             366.07,538.03 386.93,535.17 400.99,521.91
             406.22,516.97 413.73,507.53 413.00,500.00
             415.68,497.79 415.80,495.32 416.39,492.00
             417.22,487.31 417.70,471.39 415.49,467.48
             414.72,466.11 414.12,465.90 413.00,465.00 Z
           M 711.00,500.00
           C 716.59,496.40 719.78,481.60 719.98,475.00
             720.55,456.61 718.21,444.01 704.88,430.34
             698.45,423.74 694.90,421.03 686.00,418.09
             678.88,415.74 673.33,415.92 666.00,416.00
             652.23,416.16 639.09,422.68 629.09,431.87
             616.42,443.52 606.11,460.34 606.00,478.00
             606.00,478.00 606.00,488.00 606.00,488.00
             606.16,501.24 612.60,512.98 622.00,521.96
             626.79,526.54 631.74,529.77 638.00,531.98
             644.78,534.38 650.85,535.08 658.00,535.00
             674.21,534.81 689.71,527.42 700.99,516.00
             705.32,511.61 710.45,506.38 711.00,500.00 Z
           M 545.00,762.00
           C 551.51,760.92 554.84,753.95 558.46,749.00
             558.46,749.00 584.44,717.00 584.44,717.00
             584.44,717.00 610.46,687.28 610.46,687.28
             610.46,687.28 631.91,665.00 631.91,665.00
             631.91,665.00 639.44,656.28 639.44,656.28
             639.44,656.28 686.47,608.29 686.47,608.29
             686.47,608.29 711.42,583.28 711.42,583.28
             714.56,580.10 719.62,576.75 720.11,572.00
             721.04,562.88 706.76,560.38 700.00,559.00
             692.44,557.46 679.59,555.71 672.00,556.04
             672.00,556.04 664.00,556.91 664.00,556.91
             656.86,557.41 654.36,557.40 647.17,559.31
             642.19,560.63 635.32,560.66 632.00,565.00
             625.58,564.68 618.36,569.35 613.00,572.68
             598.30,581.83 587.81,591.46 577.00,605.00
             573.13,609.86 566.61,616.80 566.00,623.00
             563.26,624.75 563.36,624.79 563.00,628.00
             556.66,631.99 549.84,652.30 547.58,660.00
             540.87,682.82 539.91,693.52 540.09,717.00
             540.09,717.00 540.09,732.00 540.09,732.00
             540.09,732.00 542.61,752.00 542.61,752.00
             542.61,752.00 545.00,762.00 545.00,762.00 Z
           M 446.00,594.00
           C 442.31,587.40 427.94,580.67 421.00,577.11
             395.43,563.98 364.90,557.06 337.00,566.35
             330.00,568.69 316.62,573.54 313.00,580.00
             307.11,580.84 303.03,585.93 299.00,590.00
             287.30,601.83 281.69,612.98 278.85,629.17
             277.90,634.55 276.64,647.15 281.00,651.00
             281.00,651.00 283.00,660.00 283.00,660.00
             283.00,660.00 285.00,660.00 285.00,660.00
             296.80,643.99 325.93,627.90 345.58,624.10
             352.75,622.71 361.65,622.99 369.00,623.00
             382.76,623.02 391.83,628.42 399.00,628.00
             399.00,628.00 399.00,630.00 399.00,630.00
             405.75,631.17 420.36,643.83 425.15,649.04
             446.72,672.48 454.26,705.87 461.44,735.99
             461.44,735.99 468.21,766.00 468.21,766.00
             468.76,768.51 469.78,775.63 473.85,773.83
             477.21,772.35 478.89,767.30 479.00,764.00
             482.58,761.68 483.02,758.89 484.33,755.00
             487.08,746.86 488.25,743.62 489.75,735.00
             494.31,708.74 494.28,684.12 488.79,658.00
             487.45,651.64 483.19,635.34 478.00,632.00
             477.99,623.27 466.94,611.00 461.00,605.00
             457.68,601.65 455.76,598.90 451.00,598.00
             449.35,594.87 449.48,594.71 446.00,594.00 Z
           M 722.00,567.00
           C 722.00,567.00 722.00,572.00 722.00,572.00
             722.00,572.00 722.00,567.00 722.00,567.00 Z" />
</svg>
